scirepeval_search: 0.8628481305775328 0.9038959578433262
scifact: 0.549850119333137 0.560796911108742
trec_covid: 0.5129317906792271 0.9173531746031748